                 phi                theta              weights
            0.000000;             0.000000;             0.032018
            0.000000;             0.142800;             0.063791
            1.570796;             0.142800;             0.063791
            3.141593;             0.142800;             0.063791
            4.712389;             0.142800;             0.063791
            0.000000;             0.285599;             0.063142
            0.785398;             0.285599;             0.063142
            1.570796;             0.285599;             0.063142
            2.356194;             0.285599;             0.063142
            3.141593;             0.285599;             0.063142
            3.926991;             0.285599;             0.063142
            4.712389;             0.285599;             0.063142
            5.497787;             0.285599;             0.063142
            0.000000;             0.428399;             0.062068
            0.523599;             0.428399;             0.062068
            1.047198;             0.428399;             0.062068
            1.570796;             0.428399;             0.062068
            2.094395;             0.428399;             0.062068
            2.617994;             0.428399;             0.062068
            3.141593;             0.428399;             0.062068
            3.665191;             0.428399;             0.062068
            4.188790;             0.428399;             0.062068
            4.712389;             0.428399;             0.062068
            5.235988;             0.428399;             0.062068
            5.759587;             0.428399;             0.062068
            0.000000;             0.571199;             0.060584
            0.392699;             0.571199;             0.060584
            0.785398;             0.571199;             0.060584
            1.178097;             0.571199;             0.060584
            1.570796;             0.571199;             0.060584
            1.963495;             0.571199;             0.060584
            2.356194;             0.571199;             0.060584
            2.748894;             0.571199;             0.060584
            3.141593;             0.571199;             0.060584
            3.534292;             0.571199;             0.060584
            3.926991;             0.571199;             0.060584
            4.319690;             0.571199;             0.060584
            4.712389;             0.571199;             0.060584
            5.105088;             0.571199;             0.060584
            5.497787;             0.571199;             0.060584
            5.890486;             0.571199;             0.060584
            0.000000;             0.713998;             0.058707
            0.314159;             0.713998;             0.058707
            0.628319;             0.713998;             0.058707
            0.942478;             0.713998;             0.058707
            1.256637;             0.713998;             0.058707
            1.570796;             0.713998;             0.058707
            1.884956;             0.713998;             0.058707
            2.199115;             0.713998;             0.058707
            2.513274;             0.713998;             0.058707
            2.827433;             0.713998;             0.058707
            3.141593;             0.713998;             0.058707
            3.455752;             0.713998;             0.058707
            3.769911;             0.713998;             0.058707
            4.084070;             0.713998;             0.058707
            4.398230;             0.713998;             0.058707
            4.712389;             0.713998;             0.058707
            5.026548;             0.713998;             0.058707
            5.340708;             0.713998;             0.058707
            5.654867;             0.713998;             0.058707
            5.969026;             0.713998;             0.058707
            0.000000;             0.856798;             0.056459
            0.261799;             0.856798;             0.056459
            0.523599;             0.856798;             0.056459
            0.785398;             0.856798;             0.056459
            1.047198;             0.856798;             0.056459
            1.308997;             0.856798;             0.056459
            1.570796;             0.856798;             0.056459
            1.832596;             0.856798;             0.056459
            2.094395;             0.856798;             0.056459
            2.356194;             0.856798;             0.056459
            2.617994;             0.856798;             0.056459
            2.879793;             0.856798;             0.056459
            3.141593;             0.856798;             0.056459
            3.403392;             0.856798;             0.056459
            3.665191;             0.856798;             0.056459
            3.926991;             0.856798;             0.056459
            4.188790;             0.856798;             0.056459
            4.450590;             0.856798;             0.056459
            4.712389;             0.856798;             0.056459
            4.974188;             0.856798;             0.056459
            5.235988;             0.856798;             0.056459
            5.497787;             0.856798;             0.056459
            5.759587;             0.856798;             0.056459
            6.021386;             0.856798;             0.056459
            0.000000;             0.999598;             0.053869
            0.224399;             0.999598;             0.053869
            0.448799;             0.999598;             0.053869
            0.673198;             0.999598;             0.053869
            0.897598;             0.999598;             0.053869
            1.121997;             0.999598;             0.053869
            1.346397;             0.999598;             0.053869
            1.570796;             0.999598;             0.053869
            1.795196;             0.999598;             0.053869
            2.019595;             0.999598;             0.053869
            2.243995;             0.999598;             0.053869
            2.468394;             0.999598;             0.053869
            2.692794;             0.999598;             0.053869
            2.917193;             0.999598;             0.053869
            3.141593;             0.999598;             0.053869
            3.365992;             0.999598;             0.053869
            3.590392;             0.999598;             0.053869
            3.814791;             0.999598;             0.053869
            4.039191;             0.999598;             0.053869
            4.263590;             0.999598;             0.053869
            4.487990;             0.999598;             0.053869
            4.712389;             0.999598;             0.053869
            4.936788;             0.999598;             0.053869
            5.161188;             0.999598;             0.053869
            5.385587;             0.999598;             0.053869
            5.609987;             0.999598;             0.053869
            5.834386;             0.999598;             0.053869
            6.058786;             0.999598;             0.053869
            0.000000;             1.142397;             0.050966
            0.196350;             1.142397;             0.050966
            0.392699;             1.142397;             0.050966
            0.589049;             1.142397;             0.050966
            0.785398;             1.142397;             0.050966
            0.981748;             1.142397;             0.050966
            1.178097;             1.142397;             0.050966
            1.374447;             1.142397;             0.050966
            1.570796;             1.142397;             0.050966
            1.767146;             1.142397;             0.050966
            1.963495;             1.142397;             0.050966
            2.159845;             1.142397;             0.050966
            2.356194;             1.142397;             0.050966
            2.552544;             1.142397;             0.050966
            2.748894;             1.142397;             0.050966
            2.945243;             1.142397;             0.050966
            3.141593;             1.142397;             0.050966
            3.337942;             1.142397;             0.050966
            3.534292;             1.142397;             0.050966
            3.730641;             1.142397;             0.050966
            3.926991;             1.142397;             0.050966
            4.123340;             1.142397;             0.050966
            4.319690;             1.142397;             0.050966
            4.516039;             1.142397;             0.050966
            4.712389;             1.142397;             0.050966
            4.908739;             1.142397;             0.050966
            5.105088;             1.142397;             0.050966
            5.301438;             1.142397;             0.050966
            5.497787;             1.142397;             0.050966
            5.694137;             1.142397;             0.050966
            5.890486;             1.142397;             0.050966
            6.086836;             1.142397;             0.050966
            0.000000;             1.285197;             0.047787
            0.174533;             1.285197;             0.047787
            0.349066;             1.285197;             0.047787
            0.523599;             1.285197;             0.047787
            0.698132;             1.285197;             0.047787
            0.872665;             1.285197;             0.047787
            1.047198;             1.285197;             0.047787
            1.221730;             1.285197;             0.047787
            1.396263;             1.285197;             0.047787
            1.570796;             1.285197;             0.047787
            1.745329;             1.285197;             0.047787
            1.919862;             1.285197;             0.047787
            2.094395;             1.285197;             0.047787
            2.268928;             1.285197;             0.047787
            2.443461;             1.285197;             0.047787
            2.617994;             1.285197;             0.047787
            2.792527;             1.285197;             0.047787
            2.967060;             1.285197;             0.047787
            3.141593;             1.285197;             0.047787
            3.316126;             1.285197;             0.047787
            3.490659;             1.285197;             0.047787
            3.665191;             1.285197;             0.047787
            3.839724;             1.285197;             0.047787
            4.014257;             1.285197;             0.047787
            4.188790;             1.285197;             0.047787
            4.363323;             1.285197;             0.047787
            4.537856;             1.285197;             0.047787
            4.712389;             1.285197;             0.047787
            4.886922;             1.285197;             0.047787
            5.061455;             1.285197;             0.047787
            5.235988;             1.285197;             0.047787
            5.410521;             1.285197;             0.047787
            5.585054;             1.285197;             0.047787
            5.759587;             1.285197;             0.047787
            5.934119;             1.285197;             0.047787
            6.108652;             1.285197;             0.047787
            0.000000;             1.427997;             0.044367
            0.157080;             1.427997;             0.044367
            0.314159;             1.427997;             0.044367
            0.471239;             1.427997;             0.044367
            0.628319;             1.427997;             0.044367
            0.785398;             1.427997;             0.044367
            0.942478;             1.427997;             0.044367
            1.099557;             1.427997;             0.044367
            1.256637;             1.427997;             0.044367
            1.413717;             1.427997;             0.044367
            1.570796;             1.427997;             0.044367
            1.727876;             1.427997;             0.044367
            1.884956;             1.427997;             0.044367
            2.042035;             1.427997;             0.044367
            2.199115;             1.427997;             0.044367
            2.356194;             1.427997;             0.044367
            2.513274;             1.427997;             0.044367
            2.670354;             1.427997;             0.044367
            2.827433;             1.427997;             0.044367
            2.984513;             1.427997;             0.044367
            3.141593;             1.427997;             0.044367
            3.298672;             1.427997;             0.044367
            3.455752;             1.427997;             0.044367
            3.612832;             1.427997;             0.044367
            3.769911;             1.427997;             0.044367
            3.926991;             1.427997;             0.044367
            4.084070;             1.427997;             0.044367
            4.241150;             1.427997;             0.044367
            4.398230;             1.427997;             0.044367
            4.555309;             1.427997;             0.044367
            4.712389;             1.427997;             0.044367
            4.869469;             1.427997;             0.044367
            5.026548;             1.427997;             0.044367
            5.183628;             1.427997;             0.044367
            5.340708;             1.427997;             0.044367
            5.497787;             1.427997;             0.044367
            5.654867;             1.427997;             0.044367
            5.811946;             1.427997;             0.044367
            5.969026;             1.427997;             0.044367
            6.126106;             1.427997;             0.044367
            0.000000;             1.570796;             0.020374
            0.142800;             1.570796;             0.020374
            0.285599;             1.570796;             0.020374
            0.428399;             1.570796;             0.020374
            0.571199;             1.570796;             0.020374
            0.713998;             1.570796;             0.020374
            0.856798;             1.570796;             0.020374
            0.999598;             1.570796;             0.020374
            1.142397;             1.570796;             0.020374
            1.285197;             1.570796;             0.020374
            1.427997;             1.570796;             0.020374
            1.570796;             1.570796;             0.020374
            1.713596;             1.570796;             0.020374
            1.856396;             1.570796;             0.020374
            1.999195;             1.570796;             0.020374
            2.141995;             1.570796;             0.020374
            2.284795;             1.570796;             0.020374
            2.427594;             1.570796;             0.020374
            2.570394;             1.570796;             0.020374
            2.713194;             1.570796;             0.020374
            2.855993;             1.570796;             0.020374
            2.998793;             1.570796;             0.020374
            3.141593;             1.570796;             0.020374
            3.284392;             1.570796;             0.020374
            3.427192;             1.570796;             0.020374
            3.569992;             1.570796;             0.020374
            3.712791;             1.570796;             0.020374
            3.855591;             1.570796;             0.020374
            3.998391;             1.570796;             0.020374
            4.141190;             1.570796;             0.020374
            4.283990;             1.570796;             0.020374
            4.426790;             1.570796;             0.020374
            4.569589;             1.570796;             0.020374
            4.712389;             1.570796;             0.020374
            4.855189;             1.570796;             0.020374
            4.997988;             1.570796;             0.020374
            5.140788;             1.570796;             0.020374
            5.283588;             1.570796;             0.020374
            5.426387;             1.570796;             0.020374
            5.569187;             1.570796;             0.020374
            5.711987;             1.570796;             0.020374
            5.854786;             1.570796;             0.020374
            5.997586;             1.570796;             0.020374
            6.140386;             1.570796;             0.020374