                 phi                theta              weights
            0.000000;             0.000000;             0.000101
            0.000000;             0.008014;             0.000807
            0.000000;             0.016029;             0.001614
            0.000000;             0.024043;             0.002421
            0.000000;             0.032057;             0.003228
            0.000000;             0.040071;             0.004035
            0.000000;             0.048086;             0.004841
            0.000000;             0.056100;             0.005647
            0.000000;             0.064114;             0.006453
            0.000000;             0.072128;             0.007258
            0.000000;             0.080143;             0.008063
            0.000000;             0.088157;             0.008867
            0.000000;             0.096171;             0.009670
            0.000000;             0.104185;             0.010474
            0.000000;             0.112200;             0.011276
            0.000000;             0.120214;             0.012078
            0.000000;             0.128228;             0.012879
            0.000000;             0.136243;             0.013679
            0.000000;             0.144257;             0.014478
            0.000000;             0.152271;             0.015276
            0.000000;             0.160285;             0.016073
            0.000000;             0.168300;             0.016870
            0.000000;             0.176314;             0.017665
            0.000000;             0.184328;             0.018459
            0.000000;             0.192342;             0.019252
            0.000000;             0.200357;             0.020043
            0.000000;             0.208371;             0.020834
            0.000000;             0.216385;             0.021622
            0.000000;             0.224399;             0.022410
            0.000000;             0.232414;             0.023196
            0.000000;             0.240428;             0.023981
            0.000000;             0.248442;             0.024764
            0.000000;             0.256457;             0.025546
            0.000000;             0.264471;             0.026325
            0.000000;             0.272485;             0.027104
            0.000000;             0.280499;             0.027880
            0.000000;             0.288514;             0.028655
            0.000000;             0.296528;             0.029428
            0.000000;             0.304542;             0.030199
            0.000000;             0.312556;             0.030968
            0.000000;             0.320571;             0.031735
            0.000000;             0.328585;             0.032500
            0.000000;             0.336599;             0.033262
            0.000000;             0.344613;             0.034023
            0.000000;             0.352628;             0.034782
            0.000000;             0.360642;             0.035538
            0.000000;             0.368656;             0.036292
            0.000000;             0.376671;             0.037044
            0.000000;             0.384685;             0.037793
            0.000000;             0.392699;             0.038540
            0.000000;             0.400713;             0.039284
            0.000000;             0.408728;             0.040026
            0.000000;             0.416742;             0.040766
            0.000000;             0.424756;             0.041502
            0.000000;             0.432770;             0.042236
            0.000000;             0.440785;             0.042968
            0.000000;             0.448799;             0.043696
            0.000000;             0.456813;             0.044422
            0.000000;             0.464827;             0.045145
            0.000000;             0.472842;             0.045865
            0.000000;             0.480856;             0.046582
            0.000000;             0.488870;             0.047296
            0.000000;             0.496885;             0.048007
            0.000000;             0.504899;             0.048715
            0.000000;             0.512913;             0.049420
            0.000000;             0.520927;             0.050122
            0.000000;             0.528942;             0.050820
            0.000000;             0.536956;             0.051515
            0.000000;             0.544970;             0.052207
            0.000000;             0.552984;             0.052896
            0.000000;             0.560999;             0.053581
            0.000000;             0.569013;             0.054263
            0.000000;             0.577027;             0.054941
            0.000000;             0.585041;             0.055615
            0.000000;             0.593056;             0.056287
            0.000000;             0.601070;             0.056954
            0.000000;             0.609084;             0.057618
            0.000000;             0.617099;             0.058278
            0.000000;             0.625113;             0.058934
            0.000000;             0.633127;             0.059587
            0.000000;             0.641141;             0.060236
            0.000000;             0.649156;             0.060881
            0.000000;             0.657170;             0.061522
            0.000000;             0.665184;             0.062159
            0.000000;             0.673198;             0.062792
            0.000000;             0.681213;             0.063421
            0.000000;             0.689227;             0.064046
            0.000000;             0.697241;             0.064666
            0.000000;             0.705255;             0.065283
            0.000000;             0.713270;             0.065896
            0.000000;             0.721284;             0.066504
            0.000000;             0.729298;             0.067108
            0.000000;             0.737313;             0.067707
            0.000000;             0.745327;             0.068303
            0.000000;             0.753341;             0.068894
            0.000000;             0.761355;             0.069480
            0.000000;             0.769370;             0.070062
            0.000000;             0.777384;             0.070640
            0.000000;             0.785398;             0.071213
            0.000000;             0.793412;             0.071781
            0.000000;             0.801427;             0.072345
            0.000000;             0.809441;             0.072904
            0.000000;             0.817455;             0.073459
            0.000000;             0.825469;             0.074008
            0.000000;             0.833484;             0.074553
            0.000000;             0.841498;             0.075094
            0.000000;             0.849512;             0.075629
            0.000000;             0.857527;             0.076160
            0.000000;             0.865541;             0.076685
            0.000000;             0.873555;             0.077206
            0.000000;             0.881569;             0.077722
            0.000000;             0.889584;             0.078232
            0.000000;             0.897598;             0.078738
            0.000000;             0.905612;             0.079239
            0.000000;             0.913626;             0.079735
            0.000000;             0.921641;             0.080225
            0.000000;             0.929655;             0.080710
            0.000000;             0.937669;             0.081190
            0.000000;             0.945684;             0.081665
            0.000000;             0.953698;             0.082135
            0.000000;             0.961712;             0.082600
            0.000000;             0.969726;             0.083059
            0.000000;             0.977741;             0.083512
            0.000000;             0.985755;             0.083961
            0.000000;             0.993769;             0.084404
            0.000000;             1.001783;             0.084841
            0.000000;             1.009798;             0.085274
            0.000000;             1.017812;             0.085700
            0.000000;             1.025826;             0.086121
            0.000000;             1.033840;             0.086537
            0.000000;             1.041855;             0.086947
            0.000000;             1.049869;             0.087352
            0.000000;             1.057883;             0.087750
            0.000000;             1.065898;             0.088144
            0.000000;             1.073912;             0.088531
            0.000000;             1.081926;             0.088913
            0.000000;             1.089940;             0.089289
            0.000000;             1.097955;             0.089660
            0.000000;             1.105969;             0.090025
            0.000000;             1.113983;             0.090383
            0.000000;             1.121997;             0.090737
            0.000000;             1.130012;             0.091084
            0.000000;             1.138026;             0.091425
            0.000000;             1.146040;             0.091761
            0.000000;             1.154054;             0.092090
            0.000000;             1.162069;             0.092414
            0.000000;             1.170083;             0.092732
            0.000000;             1.178097;             0.093044
            0.000000;             1.186112;             0.093350
            0.000000;             1.194126;             0.093650
            0.000000;             1.202140;             0.093944
            0.000000;             1.210154;             0.094231
            0.000000;             1.218169;             0.094513
            0.000000;             1.226183;             0.094789
            0.000000;             1.234197;             0.095058
            0.000000;             1.242211;             0.095322
            0.000000;             1.250226;             0.095579
            0.000000;             1.258240;             0.095831
            0.000000;             1.266254;             0.096076
            0.000000;             1.274268;             0.096315
            0.000000;             1.282283;             0.096547
            0.000000;             1.290297;             0.096774
            0.000000;             1.298311;             0.096994
            0.000000;             1.306326;             0.097208
            0.000000;             1.314340;             0.097416
            0.000000;             1.322354;             0.097618
            0.000000;             1.330368;             0.097813
            0.000000;             1.338383;             0.098002
            0.000000;             1.346397;             0.098185
            0.000000;             1.354411;             0.098361
            0.000000;             1.362425;             0.098532
            0.000000;             1.370440;             0.098695
            0.000000;             1.378454;             0.098853
            0.000000;             1.386468;             0.099004
            0.000000;             1.394482;             0.099149
            0.000000;             1.402497;             0.099287
            0.000000;             1.410511;             0.099419
            0.000000;             1.418525;             0.099545
            0.000000;             1.426540;             0.099664
            0.000000;             1.434554;             0.099777
            0.000000;             1.442568;             0.099883
            0.000000;             1.450582;             0.099983
            0.000000;             1.458597;             0.100077
            0.000000;             1.466611;             0.100164
            0.000000;             1.474625;             0.100245
            0.000000;             1.482639;             0.100319
            0.000000;             1.490654;             0.100387
            0.000000;             1.498668;             0.100448
            0.000000;             1.506682;             0.100503
            0.000000;             1.514696;             0.100552
            0.000000;             1.522711;             0.100594
            0.000000;             1.530725;             0.100629
            0.000000;             1.538739;             0.100658
            0.000000;             1.546754;             0.100681
            0.000000;             1.554768;             0.100697
            0.000000;             1.562782;             0.100707
            0.000000;             1.570796;             0.050355