                 phi                theta              weights
            0.000000;             0.000000;             0.000118
            0.000000;             0.008678;             0.000946
            0.000000;             0.017357;             0.001893
            0.000000;             0.026035;             0.002839
            0.000000;             0.034714;             0.003785
            0.000000;             0.043392;             0.004731
            0.000000;             0.052071;             0.005676
            0.000000;             0.060749;             0.006621
            0.000000;             0.069427;             0.007565
            0.000000;             0.078106;             0.008509
            0.000000;             0.086784;             0.009452
            0.000000;             0.095463;             0.010395
            0.000000;             0.104141;             0.011337
            0.000000;             0.112820;             0.012278
            0.000000;             0.121498;             0.013218
            0.000000;             0.130176;             0.014156
            0.000000;             0.138855;             0.015094
            0.000000;             0.147533;             0.016031
            0.000000;             0.156212;             0.016967
            0.000000;             0.164890;             0.017901
            0.000000;             0.173569;             0.018834
            0.000000;             0.182247;             0.019765
            0.000000;             0.190926;             0.020695
            0.000000;             0.199604;             0.021624
            0.000000;             0.208282;             0.022551
            0.000000;             0.216961;             0.023476
            0.000000;             0.225639;             0.024399
            0.000000;             0.234318;             0.025321
            0.000000;             0.242996;             0.026240
            0.000000;             0.251675;             0.027158
            0.000000;             0.260353;             0.028073
            0.000000;             0.269031;             0.028987
            0.000000;             0.277710;             0.029898
            0.000000;             0.286388;             0.030807
            0.000000;             0.295067;             0.031714
            0.000000;             0.303745;             0.032618
            0.000000;             0.312424;             0.033520
            0.000000;             0.321102;             0.034419
            0.000000;             0.329780;             0.035316
            0.000000;             0.338459;             0.036210
            0.000000;             0.347137;             0.037102
            0.000000;             0.355816;             0.037990
            0.000000;             0.364494;             0.038876
            0.000000;             0.373173;             0.039759
            0.000000;             0.381851;             0.040639
            0.000000;             0.390529;             0.041515
            0.000000;             0.399208;             0.042389
            0.000000;             0.407886;             0.043259
            0.000000;             0.416565;             0.044126
            0.000000;             0.425243;             0.044990
            0.000000;             0.433922;             0.045851
            0.000000;             0.442600;             0.046708
            0.000000;             0.451279;             0.047561
            0.000000;             0.459957;             0.048411
            0.000000;             0.468635;             0.049257
            0.000000;             0.477314;             0.050100
            0.000000;             0.485992;             0.050939
            0.000000;             0.494671;             0.051773
            0.000000;             0.503349;             0.052604
            0.000000;             0.512028;             0.053432
            0.000000;             0.520706;             0.054255
            0.000000;             0.529384;             0.055074
            0.000000;             0.538063;             0.055888
            0.000000;             0.546741;             0.056699
            0.000000;             0.555420;             0.057505
            0.000000;             0.564098;             0.058307
            0.000000;             0.572777;             0.059105
            0.000000;             0.581455;             0.059898
            0.000000;             0.590133;             0.060687
            0.000000;             0.598812;             0.061471
            0.000000;             0.607490;             0.062250
            0.000000;             0.616169;             0.063025
            0.000000;             0.624847;             0.063795
            0.000000;             0.633526;             0.064560
            0.000000;             0.642204;             0.065320
            0.000000;             0.650882;             0.066076
            0.000000;             0.659561;             0.066826
            0.000000;             0.668239;             0.067572
            0.000000;             0.676918;             0.068312
            0.000000;             0.685596;             0.069047
            0.000000;             0.694275;             0.069777
            0.000000;             0.702953;             0.070502
            0.000000;             0.711631;             0.071221
            0.000000;             0.720310;             0.071935
            0.000000;             0.728988;             0.072644
            0.000000;             0.737667;             0.073347
            0.000000;             0.746345;             0.074045
            0.000000;             0.755024;             0.074737
            0.000000;             0.763702;             0.075423
            0.000000;             0.772381;             0.076104
            0.000000;             0.781059;             0.076779
            0.000000;             0.789737;             0.077448
            0.000000;             0.798416;             0.078112
            0.000000;             0.807094;             0.078769
            0.000000;             0.815773;             0.079421
            0.000000;             0.824451;             0.080066
            0.000000;             0.833130;             0.080706
            0.000000;             0.841808;             0.081339
            0.000000;             0.850486;             0.081967
            0.000000;             0.859165;             0.082588
            0.000000;             0.867843;             0.083203
            0.000000;             0.876522;             0.083812
            0.000000;             0.885200;             0.084414
            0.000000;             0.893879;             0.085010
            0.000000;             0.902557;             0.085600
            0.000000;             0.911235;             0.086183
            0.000000;             0.919914;             0.086759
            0.000000;             0.928592;             0.087330
            0.000000;             0.937271;             0.087893
            0.000000;             0.945949;             0.088450
            0.000000;             0.954628;             0.089000
            0.000000;             0.963306;             0.089544
            0.000000;             0.971984;             0.090081
            0.000000;             0.980663;             0.090611
            0.000000;             0.989341;             0.091134
            0.000000;             0.998020;             0.091651
            0.000000;             1.006698;             0.092160
            0.000000;             1.015377;             0.092663
            0.000000;             1.024055;             0.093158
            0.000000;             1.032733;             0.093647
            0.000000;             1.041412;             0.094128
            0.000000;             1.050090;             0.094603
            0.000000;             1.058769;             0.095070
            0.000000;             1.067447;             0.095530
            0.000000;             1.076126;             0.095983
            0.000000;             1.084804;             0.096429
            0.000000;             1.093483;             0.096867
            0.000000;             1.102161;             0.097298
            0.000000;             1.110839;             0.097722
            0.000000;             1.119518;             0.098138
            0.000000;             1.128196;             0.098548
            0.000000;             1.136875;             0.098949
            0.000000;             1.145553;             0.099343
            0.000000;             1.154232;             0.099730
            0.000000;             1.162910;             0.100109
            0.000000;             1.171588;             0.100481
            0.000000;             1.180267;             0.100845
            0.000000;             1.188945;             0.101201
            0.000000;             1.197624;             0.101550
            0.000000;             1.206302;             0.101892
            0.000000;             1.214981;             0.102225
            0.000000;             1.223659;             0.102551
            0.000000;             1.232337;             0.102869
            0.000000;             1.241016;             0.103179
            0.000000;             1.249694;             0.103482
            0.000000;             1.258373;             0.103777
            0.000000;             1.267051;             0.104064
            0.000000;             1.275730;             0.104343
            0.000000;             1.284408;             0.104614
            0.000000;             1.293086;             0.104878
            0.000000;             1.301765;             0.105133
            0.000000;             1.310443;             0.105381
            0.000000;             1.319122;             0.105620
            0.000000;             1.327800;             0.105852
            0.000000;             1.336479;             0.106076
            0.000000;             1.345157;             0.106292
            0.000000;             1.353836;             0.106499
            0.000000;             1.362514;             0.106699
            0.000000;             1.371192;             0.106891
            0.000000;             1.379871;             0.107074
            0.000000;             1.388549;             0.107250
            0.000000;             1.397228;             0.107417
            0.000000;             1.405906;             0.107577
            0.000000;             1.414585;             0.107728
            0.000000;             1.423263;             0.107871
            0.000000;             1.431941;             0.108006
            0.000000;             1.440620;             0.108133
            0.000000;             1.449298;             0.108252
            0.000000;             1.457977;             0.108363
            0.000000;             1.466655;             0.108465
            0.000000;             1.475334;             0.108560
            0.000000;             1.484012;             0.108646
            0.000000;             1.492690;             0.108724
            0.000000;             1.501369;             0.108793
            0.000000;             1.510047;             0.108855
            0.000000;             1.518726;             0.108908
            0.000000;             1.527404;             0.108953
            0.000000;             1.536083;             0.108990
            0.000000;             1.544761;             0.109019
            0.000000;             1.553439;             0.109040
            0.000000;             1.562118;             0.109052
            0.000000;             1.570796;             0.054528