                 phi                theta              weights
            0.000000;             0.000000;             0.000124
            0.000000;             0.008875;             0.000990
            0.000000;             0.017749;             0.001979
            0.000000;             0.026624;             0.002969
            0.000000;             0.035498;             0.003958
            0.000000;             0.044373;             0.004947
            0.000000;             0.053247;             0.005935
            0.000000;             0.062122;             0.006923
            0.000000;             0.070996;             0.007911
            0.000000;             0.079871;             0.008898
            0.000000;             0.088746;             0.009884
            0.000000;             0.097620;             0.010869
            0.000000;             0.106495;             0.011854
            0.000000;             0.115369;             0.012838
            0.000000;             0.124244;             0.013820
            0.000000;             0.133118;             0.014802
            0.000000;             0.141993;             0.015782
            0.000000;             0.150867;             0.016761
            0.000000;             0.159742;             0.017739
            0.000000;             0.168617;             0.018715
            0.000000;             0.177491;             0.019690
            0.000000;             0.186366;             0.020664
            0.000000;             0.195240;             0.021635
            0.000000;             0.204115;             0.022605
            0.000000;             0.212989;             0.023574
            0.000000;             0.221864;             0.024540
            0.000000;             0.230738;             0.025504
            0.000000;             0.239613;             0.026467
            0.000000;             0.248488;             0.027427
            0.000000;             0.257362;             0.028385
            0.000000;             0.266237;             0.029341
            0.000000;             0.275111;             0.030295
            0.000000;             0.283986;             0.031246
            0.000000;             0.292860;             0.032195
            0.000000;             0.301735;             0.033141
            0.000000;             0.310609;             0.034085
            0.000000;             0.319484;             0.035026
            0.000000;             0.328359;             0.035964
            0.000000;             0.337233;             0.036900
            0.000000;             0.346108;             0.037832
            0.000000;             0.354982;             0.038762
            0.000000;             0.363857;             0.039688
            0.000000;             0.372731;             0.040611
            0.000000;             0.381606;             0.041532
            0.000000;             0.390480;             0.042448
            0.000000;             0.399355;             0.043362
            0.000000;             0.408230;             0.044272
            0.000000;             0.417104;             0.045179
            0.000000;             0.425979;             0.046082
            0.000000;             0.434853;             0.046981
            0.000000;             0.443728;             0.047877
            0.000000;             0.452602;             0.048769
            0.000000;             0.461477;             0.049657
            0.000000;             0.470351;             0.050541
            0.000000;             0.479226;             0.051421
            0.000000;             0.488101;             0.052297
            0.000000;             0.496975;             0.053170
            0.000000;             0.505850;             0.054037
            0.000000;             0.514724;             0.054901
            0.000000;             0.523599;             0.055760
            0.000000;             0.532473;             0.056615
            0.000000;             0.541348;             0.057466
            0.000000;             0.550222;             0.058312
            0.000000;             0.559097;             0.059153
            0.000000;             0.567972;             0.059990
            0.000000;             0.576846;             0.060821
            0.000000;             0.585721;             0.061649
            0.000000;             0.594595;             0.062471
            0.000000;             0.603470;             0.063288
            0.000000;             0.612344;             0.064101
            0.000000;             0.621219;             0.064908
            0.000000;             0.630093;             0.065710
            0.000000;             0.638968;             0.066507
            0.000000;             0.647843;             0.067299
            0.000000;             0.656717;             0.068086
            0.000000;             0.665592;             0.068867
            0.000000;             0.674466;             0.069642
            0.000000;             0.683341;             0.070413
            0.000000;             0.692215;             0.071177
            0.000000;             0.701090;             0.071936
            0.000000;             0.709964;             0.072690
            0.000000;             0.718839;             0.073438
            0.000000;             0.727714;             0.074179
            0.000000;             0.736588;             0.074916
            0.000000;             0.745463;             0.075646
            0.000000;             0.754337;             0.076370
            0.000000;             0.763212;             0.077088
            0.000000;             0.772086;             0.077800
            0.000000;             0.780961;             0.078506
            0.000000;             0.789835;             0.079206
            0.000000;             0.798710;             0.079900
            0.000000;             0.807585;             0.080587
            0.000000;             0.816459;             0.081268
            0.000000;             0.825334;             0.081942
            0.000000;             0.834208;             0.082611
            0.000000;             0.843083;             0.083272
            0.000000;             0.851957;             0.083927
            0.000000;             0.860832;             0.084576
            0.000000;             0.869706;             0.085217
            0.000000;             0.878581;             0.085852
            0.000000;             0.887456;             0.086481
            0.000000;             0.896330;             0.087102
            0.000000;             0.905205;             0.087717
            0.000000;             0.914079;             0.088324
            0.000000;             0.922954;             0.088925
            0.000000;             0.931828;             0.089519
            0.000000;             0.940703;             0.090106
            0.000000;             0.949577;             0.090685
            0.000000;             0.958452;             0.091258
            0.000000;             0.967327;             0.091823
            0.000000;             0.976201;             0.092381
            0.000000;             0.985076;             0.092932
            0.000000;             0.993950;             0.093475
            0.000000;             1.002825;             0.094011
            0.000000;             1.011699;             0.094540
            0.000000;             1.020574;             0.095061
            0.000000;             1.029448;             0.095575
            0.000000;             1.038323;             0.096081
            0.000000;             1.047198;             0.096580
            0.000000;             1.056072;             0.097071
            0.000000;             1.064947;             0.097554
            0.000000;             1.073821;             0.098030
            0.000000;             1.082696;             0.098498
            0.000000;             1.091570;             0.098958
            0.000000;             1.100445;             0.099410
            0.000000;             1.109319;             0.099855
            0.000000;             1.118194;             0.100292
            0.000000;             1.127069;             0.100721
            0.000000;             1.135943;             0.101142
            0.000000;             1.144818;             0.101555
            0.000000;             1.153692;             0.101959
            0.000000;             1.162567;             0.102356
            0.000000;             1.171441;             0.102745
            0.000000;             1.180316;             0.103126
            0.000000;             1.189190;             0.103499
            0.000000;             1.198065;             0.103863
            0.000000;             1.206940;             0.104219
            0.000000;             1.215814;             0.104568
            0.000000;             1.224689;             0.104907
            0.000000;             1.233563;             0.105239
            0.000000;             1.242438;             0.105562
            0.000000;             1.251312;             0.105877
            0.000000;             1.260187;             0.106184
            0.000000;             1.269061;             0.106482
            0.000000;             1.277936;             0.106772
            0.000000;             1.286811;             0.107054
            0.000000;             1.295685;             0.107327
            0.000000;             1.304560;             0.107591
            0.000000;             1.313434;             0.107848
            0.000000;             1.322309;             0.108095
            0.000000;             1.331183;             0.108334
            0.000000;             1.340058;             0.108565
            0.000000;             1.348932;             0.108787
            0.000000;             1.357807;             0.109001
            0.000000;             1.366682;             0.109206
            0.000000;             1.375556;             0.109402
            0.000000;             1.384431;             0.109590
            0.000000;             1.393305;             0.109769
            0.000000;             1.402180;             0.109939
            0.000000;             1.411054;             0.110101
            0.000000;             1.419929;             0.110254
            0.000000;             1.428803;             0.110398
            0.000000;             1.437678;             0.110534
            0.000000;             1.446553;             0.110661
            0.000000;             1.455427;             0.110779
            0.000000;             1.464302;             0.110889
            0.000000;             1.473176;             0.110990
            0.000000;             1.482051;             0.111082
            0.000000;             1.490925;             0.111165
            0.000000;             1.499800;             0.111240
            0.000000;             1.508674;             0.111305
            0.000000;             1.517549;             0.111363
            0.000000;             1.526424;             0.111411
            0.000000;             1.535298;             0.111450
            0.000000;             1.544173;             0.111481
            0.000000;             1.553047;             0.111503
            0.000000;             1.561922;             0.111516
            0.000000;             1.570796;             0.055760