                 phi                theta              weights
            0.000000;             0.000000;             0.000146
            0.000000;             0.009637;             0.001167
            0.000000;             0.019274;             0.002334
            0.000000;             0.028910;             0.003501
            0.000000;             0.038547;             0.004667
            0.000000;             0.048184;             0.005833
            0.000000;             0.057821;             0.006998
            0.000000;             0.067458;             0.008163
            0.000000;             0.077094;             0.009327
            0.000000;             0.086731;             0.010490
            0.000000;             0.096368;             0.011652
            0.000000;             0.106005;             0.012813
            0.000000;             0.115641;             0.013973
            0.000000;             0.125278;             0.015131
            0.000000;             0.134915;             0.016289
            0.000000;             0.144552;             0.017444
            0.000000;             0.154189;             0.018598
            0.000000;             0.163825;             0.019750
            0.000000;             0.173462;             0.020901
            0.000000;             0.183099;             0.022049
            0.000000;             0.192736;             0.023196
            0.000000;             0.202373;             0.024340
            0.000000;             0.212009;             0.025482
            0.000000;             0.221646;             0.026622
            0.000000;             0.231283;             0.027759
            0.000000;             0.240920;             0.028894
            0.000000;             0.250556;             0.030026
            0.000000;             0.260193;             0.031155
            0.000000;             0.269830;             0.032281
            0.000000;             0.279467;             0.033404
            0.000000;             0.289104;             0.034524
            0.000000;             0.298740;             0.035641
            0.000000;             0.308377;             0.036755
            0.000000;             0.318014;             0.037865
            0.000000;             0.327651;             0.038972
            0.000000;             0.337288;             0.040075
            0.000000;             0.346924;             0.041174
            0.000000;             0.356561;             0.042270
            0.000000;             0.366198;             0.043362
            0.000000;             0.375835;             0.044449
            0.000000;             0.385471;             0.045533
            0.000000;             0.395108;             0.046612
            0.000000;             0.404745;             0.047687
            0.000000;             0.414382;             0.048757
            0.000000;             0.424019;             0.049823
            0.000000;             0.433655;             0.050885
            0.000000;             0.443292;             0.051941
            0.000000;             0.452929;             0.052993
            0.000000;             0.462566;             0.054040
            0.000000;             0.472203;             0.055082
            0.000000;             0.481839;             0.056118
            0.000000;             0.491476;             0.057150
            0.000000;             0.501113;             0.058176
            0.000000;             0.510750;             0.059197
            0.000000;             0.520387;             0.060212
            0.000000;             0.530023;             0.061222
            0.000000;             0.539660;             0.062226
            0.000000;             0.549297;             0.063224
            0.000000;             0.558934;             0.064217
            0.000000;             0.568570;             0.065203
            0.000000;             0.578207;             0.066183
            0.000000;             0.587844;             0.067158
            0.000000;             0.597481;             0.068126
            0.000000;             0.607118;             0.069087
            0.000000;             0.616754;             0.070043
            0.000000;             0.626391;             0.070991
            0.000000;             0.636028;             0.071933
            0.000000;             0.645665;             0.072869
            0.000000;             0.655302;             0.073798
            0.000000;             0.664938;             0.074719
            0.000000;             0.674575;             0.075634
            0.000000;             0.684212;             0.076542
            0.000000;             0.693849;             0.077443
            0.000000;             0.703485;             0.078336
            0.000000;             0.713122;             0.079223
            0.000000;             0.722759;             0.080102
            0.000000;             0.732396;             0.080973
            0.000000;             0.742033;             0.081837
            0.000000;             0.751669;             0.082694
            0.000000;             0.761306;             0.083542
            0.000000;             0.770943;             0.084383
            0.000000;             0.780580;             0.085216
            0.000000;             0.790217;             0.086042
            0.000000;             0.799853;             0.086859
            0.000000;             0.809490;             0.087668
            0.000000;             0.819127;             0.088469
            0.000000;             0.828764;             0.089262
            0.000000;             0.838400;             0.090046
            0.000000;             0.848037;             0.090822
            0.000000;             0.857674;             0.091590
            0.000000;             0.867311;             0.092349
            0.000000;             0.876948;             0.093100
            0.000000;             0.886584;             0.093842
            0.000000;             0.896221;             0.094575
            0.000000;             0.905858;             0.095299
            0.000000;             0.915495;             0.096015
            0.000000;             0.925132;             0.096722
            0.000000;             0.934768;             0.097419
            0.000000;             0.944405;             0.098108
            0.000000;             0.954042;             0.098788
            0.000000;             0.963679;             0.099458
            0.000000;             0.973316;             0.100119
            0.000000;             0.982952;             0.100771
            0.000000;             0.992589;             0.101414
            0.000000;             1.002226;             0.102047
            0.000000;             1.011863;             0.102670
            0.000000;             1.021499;             0.103284
            0.000000;             1.031136;             0.103889
            0.000000;             1.040773;             0.104484
            0.000000;             1.050410;             0.105069
            0.000000;             1.060047;             0.105644
            0.000000;             1.069683;             0.106210
            0.000000;             1.079320;             0.106765
            0.000000;             1.088957;             0.107311
            0.000000;             1.098594;             0.107847
            0.000000;             1.108231;             0.108373
            0.000000;             1.117867;             0.108888
            0.000000;             1.127504;             0.109394
            0.000000;             1.137141;             0.109890
            0.000000;             1.146778;             0.110375
            0.000000;             1.156414;             0.110850
            0.000000;             1.166051;             0.111315
            0.000000;             1.175688;             0.111769
            0.000000;             1.185325;             0.112213
            0.000000;             1.194962;             0.112646
            0.000000;             1.204598;             0.113070
            0.000000;             1.214235;             0.113482
            0.000000;             1.223872;             0.113884
            0.000000;             1.233509;             0.114276
            0.000000;             1.243146;             0.114657
            0.000000;             1.252782;             0.115027
            0.000000;             1.262419;             0.115386
            0.000000;             1.272056;             0.115735
            0.000000;             1.281693;             0.116073
            0.000000;             1.291329;             0.116401
            0.000000;             1.300966;             0.116717
            0.000000;             1.310603;             0.117023
            0.000000;             1.320240;             0.117318
            0.000000;             1.329877;             0.117602
            0.000000;             1.339513;             0.117874
            0.000000;             1.349150;             0.118137
            0.000000;             1.358787;             0.118388
            0.000000;             1.368424;             0.118628
            0.000000;             1.378061;             0.118857
            0.000000;             1.387697;             0.119075
            0.000000;             1.397334;             0.119282
            0.000000;             1.406971;             0.119478
            0.000000;             1.416608;             0.119662
            0.000000;             1.426245;             0.119836
            0.000000;             1.435881;             0.119999
            0.000000;             1.445518;             0.120150
            0.000000;             1.455155;             0.120290
            0.000000;             1.464792;             0.120419
            0.000000;             1.474428;             0.120537
            0.000000;             1.484065;             0.120644
            0.000000;             1.493702;             0.120739
            0.000000;             1.503339;             0.120824
            0.000000;             1.512976;             0.120897
            0.000000;             1.522612;             0.120958
            0.000000;             1.532249;             0.121009
            0.000000;             1.541886;             0.121048
            0.000000;             1.551523;             0.121076
            0.000000;             1.561160;             0.121093
            0.000000;             1.570796;             0.060549