                 phi                theta              weights
            0.000000;             0.000000;             0.000102
            0.000000;             0.008055;             0.000815
            0.000000;             0.016111;             0.001631
            0.000000;             0.024166;             0.002446
            0.000000;             0.032221;             0.003261
            0.000000;             0.040277;             0.004076
            0.000000;             0.048332;             0.004891
            0.000000;             0.056388;             0.005705
            0.000000;             0.064443;             0.006519
            0.000000;             0.072498;             0.007332
            0.000000;             0.080554;             0.008145
            0.000000;             0.088609;             0.008958
            0.000000;             0.096664;             0.009770
            0.000000;             0.104720;             0.010581
            0.000000;             0.112775;             0.011392
            0.000000;             0.120830;             0.012201
            0.000000;             0.128886;             0.013011
            0.000000;             0.136941;             0.013819
            0.000000;             0.144997;             0.014626
            0.000000;             0.153052;             0.015432
            0.000000;             0.161107;             0.016238
            0.000000;             0.169163;             0.017042
            0.000000;             0.177218;             0.017845
            0.000000;             0.185273;             0.018647
            0.000000;             0.193329;             0.019448
            0.000000;             0.201384;             0.020248
            0.000000;             0.209440;             0.021046
            0.000000;             0.217495;             0.021843
            0.000000;             0.225550;             0.022639
            0.000000;             0.233606;             0.023433
            0.000000;             0.241661;             0.024225
            0.000000;             0.249716;             0.025016
            0.000000;             0.257772;             0.025805
            0.000000;             0.265827;             0.026593
            0.000000;             0.273882;             0.027379
            0.000000;             0.281938;             0.028163
            0.000000;             0.289993;             0.028945
            0.000000;             0.298049;             0.029726
            0.000000;             0.306104;             0.030504
            0.000000;             0.314159;             0.031281
            0.000000;             0.322215;             0.032055
            0.000000;             0.330270;             0.032828
            0.000000;             0.338325;             0.033598
            0.000000;             0.346381;             0.034366
            0.000000;             0.354436;             0.035132
            0.000000;             0.362491;             0.035895
            0.000000;             0.370547;             0.036657
            0.000000;             0.378602;             0.037416
            0.000000;             0.386658;             0.038172
            0.000000;             0.394713;             0.038926
            0.000000;             0.402768;             0.039677
            0.000000;             0.410824;             0.040426
            0.000000;             0.418879;             0.041173
            0.000000;             0.426934;             0.041916
            0.000000;             0.434990;             0.042657
            0.000000;             0.443045;             0.043395
            0.000000;             0.451100;             0.044130
            0.000000;             0.459156;             0.044863
            0.000000;             0.467211;             0.045592
            0.000000;             0.475267;             0.046319
            0.000000;             0.483322;             0.047042
            0.000000;             0.491377;             0.047763
            0.000000;             0.499433;             0.048480
            0.000000;             0.507488;             0.049194
            0.000000;             0.515543;             0.049905
            0.000000;             0.523599;             0.050613
            0.000000;             0.531654;             0.051318
            0.000000;             0.539710;             0.052019
            0.000000;             0.547765;             0.052717
            0.000000;             0.555820;             0.053411
            0.000000;             0.563876;             0.054102
            0.000000;             0.571931;             0.054789
            0.000000;             0.579986;             0.055473
            0.000000;             0.588042;             0.056154
            0.000000;             0.596097;             0.056830
            0.000000;             0.604152;             0.057503
            0.000000;             0.612208;             0.058172
            0.000000;             0.620263;             0.058838
            0.000000;             0.628319;             0.059499
            0.000000;             0.636374;             0.060157
            0.000000;             0.644429;             0.060811
            0.000000;             0.652485;             0.061461
            0.000000;             0.660540;             0.062107
            0.000000;             0.668595;             0.062749
            0.000000;             0.676651;             0.063386
            0.000000;             0.684706;             0.064020
            0.000000;             0.692761;             0.064650
            0.000000;             0.700817;             0.065275
            0.000000;             0.708872;             0.065896
            0.000000;             0.716928;             0.066513
            0.000000;             0.724983;             0.067126
            0.000000;             0.733038;             0.067734
            0.000000;             0.741094;             0.068337
            0.000000;             0.749149;             0.068937
            0.000000;             0.757204;             0.069532
            0.000000;             0.765260;             0.070122
            0.000000;             0.773315;             0.070708
            0.000000;             0.781370;             0.071289
            0.000000;             0.789426;             0.071866
            0.000000;             0.797481;             0.072438
            0.000000;             0.805537;             0.073005
            0.000000;             0.813592;             0.073567
            0.000000;             0.821647;             0.074125
            0.000000;             0.829703;             0.074678
            0.000000;             0.837758;             0.075226
            0.000000;             0.845813;             0.075769
            0.000000;             0.853869;             0.076307
            0.000000;             0.861924;             0.076841
            0.000000;             0.869980;             0.077369
            0.000000;             0.878035;             0.077892
            0.000000;             0.886090;             0.078411
            0.000000;             0.894146;             0.078924
            0.000000;             0.902201;             0.079432
            0.000000;             0.910256;             0.079935
            0.000000;             0.918312;             0.080432
            0.000000;             0.926367;             0.080925
            0.000000;             0.934422;             0.081412
            0.000000;             0.942478;             0.081894
            0.000000;             0.950533;             0.082371
            0.000000;             0.958589;             0.082842
            0.000000;             0.966644;             0.083308
            0.000000;             0.974699;             0.083768
            0.000000;             0.982755;             0.084223
            0.000000;             0.990810;             0.084673
            0.000000;             0.998865;             0.085117
            0.000000;             1.006921;             0.085556
            0.000000;             1.014976;             0.085989
            0.000000;             1.023031;             0.086416
            0.000000;             1.031087;             0.086838
            0.000000;             1.039142;             0.087254
            0.000000;             1.047198;             0.087665
            0.000000;             1.055253;             0.088070
            0.000000;             1.063308;             0.088469
            0.000000;             1.071364;             0.088862
            0.000000;             1.079419;             0.089250
            0.000000;             1.087474;             0.089632
            0.000000;             1.095530;             0.090008
            0.000000;             1.103585;             0.090378
            0.000000;             1.111640;             0.090742
            0.000000;             1.119696;             0.091101
            0.000000;             1.127751;             0.091453
            0.000000;             1.135807;             0.091800
            0.000000;             1.143862;             0.092140
            0.000000;             1.151917;             0.092475
            0.000000;             1.159973;             0.092804
            0.000000;             1.168028;             0.093126
            0.000000;             1.176083;             0.093443
            0.000000;             1.184139;             0.093753
            0.000000;             1.192194;             0.094058
            0.000000;             1.200250;             0.094356
            0.000000;             1.208305;             0.094648
            0.000000;             1.216360;             0.094934
            0.000000;             1.224416;             0.095214
            0.000000;             1.232471;             0.095488
            0.000000;             1.240526;             0.095756
            0.000000;             1.248582;             0.096017
            0.000000;             1.256637;             0.096272
            0.000000;             1.264692;             0.096521
            0.000000;             1.272748;             0.096764
            0.000000;             1.280803;             0.097000
            0.000000;             1.288859;             0.097230
            0.000000;             1.296914;             0.097454
            0.000000;             1.304969;             0.097671
            0.000000;             1.313025;             0.097882
            0.000000;             1.321080;             0.098087
            0.000000;             1.329135;             0.098285
            0.000000;             1.337191;             0.098477
            0.000000;             1.345246;             0.098662
            0.000000;             1.353301;             0.098842
            0.000000;             1.361357;             0.099014
            0.000000;             1.369412;             0.099181
            0.000000;             1.377468;             0.099341
            0.000000;             1.385523;             0.099494
            0.000000;             1.393578;             0.099641
            0.000000;             1.401634;             0.099782
            0.000000;             1.409689;             0.099916
            0.000000;             1.417744;             0.100043
            0.000000;             1.425800;             0.100164
            0.000000;             1.433855;             0.100279
            0.000000;             1.441910;             0.100387
            0.000000;             1.449966;             0.100488
            0.000000;             1.458021;             0.100583
            0.000000;             1.466077;             0.100672
            0.000000;             1.474132;             0.100754
            0.000000;             1.482187;             0.100829
            0.000000;             1.490243;             0.100898
            0.000000;             1.498298;             0.100961
            0.000000;             1.506353;             0.101016
            0.000000;             1.514409;             0.101066
            0.000000;             1.522464;             0.101108
            0.000000;             1.530519;             0.101144
            0.000000;             1.538575;             0.101174
            0.000000;             1.546630;             0.101197
            0.000000;             1.554686;             0.101213
            0.000000;             1.562741;             0.101223
            0.000000;             1.570796;             0.050613