                 phi                theta              weights
            0.000000;             0.000000;             0.047819
            0.000000;             0.174533;             0.095092
            1.570796;             0.174533;             0.095092
            3.141593;             0.174533;             0.095092
            4.712389;             0.174533;             0.095092
            0.000000;             0.349066;             0.093648
            0.785398;             0.349066;             0.093648
            1.570796;             0.349066;             0.093648
            2.356194;             0.349066;             0.093648
            3.141593;             0.349066;             0.093648
            3.926991;             0.349066;             0.093648
            4.712389;             0.349066;             0.093648
            5.497787;             0.349066;             0.093648
            0.000000;             0.523599;             0.091269
            0.523599;             0.523599;             0.091269
            1.047198;             0.523599;             0.091269
            1.570796;             0.523599;             0.091269
            2.094395;             0.523599;             0.091269
            2.617994;             0.523599;             0.091269
            3.141593;             0.523599;             0.091269
            3.665191;             0.523599;             0.091269
            4.188790;             0.523599;             0.091269
            4.712389;             0.523599;             0.091269
            5.235988;             0.523599;             0.091269
            5.759587;             0.523599;             0.091269
            0.000000;             0.698132;             0.088000
            0.392699;             0.698132;             0.088000
            0.785398;             0.698132;             0.088000
            1.178097;             0.698132;             0.088000
            1.570796;             0.698132;             0.088000
            1.963495;             0.698132;             0.088000
            2.356194;             0.698132;             0.088000
            2.748894;             0.698132;             0.088000
            3.141593;             0.698132;             0.088000
            3.534292;             0.698132;             0.088000
            3.926991;             0.698132;             0.088000
            4.319690;             0.698132;             0.088000
            4.712389;             0.698132;             0.088000
            5.105088;             0.698132;             0.088000
            5.497787;             0.698132;             0.088000
            5.890486;             0.698132;             0.088000
            0.000000;             0.872665;             0.083900
            0.314159;             0.872665;             0.083900
            0.628319;             0.872665;             0.083900
            0.942478;             0.872665;             0.083900
            1.256637;             0.872665;             0.083900
            1.570796;             0.872665;             0.083900
            1.884956;             0.872665;             0.083900
            2.199115;             0.872665;             0.083900
            2.513274;             0.872665;             0.083900
            2.827433;             0.872665;             0.083900
            3.141593;             0.872665;             0.083900
            3.455752;             0.872665;             0.083900
            3.769911;             0.872665;             0.083900
            4.084070;             0.872665;             0.083900
            4.398230;             0.872665;             0.083900
            4.712389;             0.872665;             0.083900
            5.026548;             0.872665;             0.083900
            5.340708;             0.872665;             0.083900
            5.654867;             0.872665;             0.083900
            5.969026;             0.872665;             0.083900
            0.000000;             1.047198;             0.079042
            0.261799;             1.047198;             0.079042
            0.523599;             1.047198;             0.079042
            0.785398;             1.047198;             0.079042
            1.047198;             1.047198;             0.079042
            1.308997;             1.047198;             0.079042
            1.570796;             1.047198;             0.079042
            1.832596;             1.047198;             0.079042
            2.094395;             1.047198;             0.079042
            2.356194;             1.047198;             0.079042
            2.617994;             1.047198;             0.079042
            2.879793;             1.047198;             0.079042
            3.141593;             1.047198;             0.079042
            3.403392;             1.047198;             0.079042
            3.665191;             1.047198;             0.079042
            3.926991;             1.047198;             0.079042
            4.188790;             1.047198;             0.079042
            4.450590;             1.047198;             0.079042
            4.712389;             1.047198;             0.079042
            4.974188;             1.047198;             0.079042
            5.235988;             1.047198;             0.079042
            5.497787;             1.047198;             0.079042
            5.759587;             1.047198;             0.079042
            6.021386;             1.047198;             0.079042
            0.000000;             1.221730;             0.073513
            0.224399;             1.221730;             0.073513
            0.448799;             1.221730;             0.073513
            0.673198;             1.221730;             0.073513
            0.897598;             1.221730;             0.073513
            1.121997;             1.221730;             0.073513
            1.346397;             1.221730;             0.073513
            1.570796;             1.221730;             0.073513
            1.795196;             1.221730;             0.073513
            2.019595;             1.221730;             0.073513
            2.243995;             1.221730;             0.073513
            2.468394;             1.221730;             0.073513
            2.692794;             1.221730;             0.073513
            2.917193;             1.221730;             0.073513
            3.141593;             1.221730;             0.073513
            3.365992;             1.221730;             0.073513
            3.590392;             1.221730;             0.073513
            3.814791;             1.221730;             0.073513
            4.039191;             1.221730;             0.073513
            4.263590;             1.221730;             0.073513
            4.487990;             1.221730;             0.073513
            4.712389;             1.221730;             0.073513
            4.936788;             1.221730;             0.073513
            5.161188;             1.221730;             0.073513
            5.385587;             1.221730;             0.073513
            5.609987;             1.221730;             0.073513
            5.834386;             1.221730;             0.073513
            6.058786;             1.221730;             0.073513
            0.000000;             1.396263;             0.067412
            0.196350;             1.396263;             0.067412
            0.392699;             1.396263;             0.067412
            0.589049;             1.396263;             0.067412
            0.785398;             1.396263;             0.067412
            0.981748;             1.396263;             0.067412
            1.178097;             1.396263;             0.067412
            1.374447;             1.396263;             0.067412
            1.570796;             1.396263;             0.067412
            1.767146;             1.396263;             0.067412
            1.963495;             1.396263;             0.067412
            2.159845;             1.396263;             0.067412
            2.356194;             1.396263;             0.067412
            2.552544;             1.396263;             0.067412
            2.748894;             1.396263;             0.067412
            2.945243;             1.396263;             0.067412
            3.141593;             1.396263;             0.067412
            3.337942;             1.396263;             0.067412
            3.534292;             1.396263;             0.067412
            3.730641;             1.396263;             0.067412
            3.926991;             1.396263;             0.067412
            4.123340;             1.396263;             0.067412
            4.319690;             1.396263;             0.067412
            4.516039;             1.396263;             0.067412
            4.712389;             1.396263;             0.067412
            4.908739;             1.396263;             0.067412
            5.105088;             1.396263;             0.067412
            5.301438;             1.396263;             0.067412
            5.497787;             1.396263;             0.067412
            5.694137;             1.396263;             0.067412
            5.890486;             1.396263;             0.067412
            6.086836;             1.396263;             0.067412
            0.000000;             1.570796;             0.030423
            0.174533;             1.570796;             0.030423
            0.349066;             1.570796;             0.030423
            0.523599;             1.570796;             0.030423
            0.698132;             1.570796;             0.030423
            0.872665;             1.570796;             0.030423
            1.047198;             1.570796;             0.030423
            1.221730;             1.570796;             0.030423
            1.396263;             1.570796;             0.030423
            1.570796;             1.570796;             0.030423
            1.745329;             1.570796;             0.030423
            1.919862;             1.570796;             0.030423
            2.094395;             1.570796;             0.030423
            2.268928;             1.570796;             0.030423
            2.443461;             1.570796;             0.030423
            2.617994;             1.570796;             0.030423
            2.792527;             1.570796;             0.030423
            2.967060;             1.570796;             0.030423
            3.141593;             1.570796;             0.030423
            3.316126;             1.570796;             0.030423
            3.490659;             1.570796;             0.030423
            3.665191;             1.570796;             0.030423
            3.839724;             1.570796;             0.030423
            4.014257;             1.570796;             0.030423
            4.188790;             1.570796;             0.030423
            4.363323;             1.570796;             0.030423
            4.537856;             1.570796;             0.030423
            4.712389;             1.570796;             0.030423
            4.886922;             1.570796;             0.030423
            5.061455;             1.570796;             0.030423
            5.235988;             1.570796;             0.030423
            5.410521;             1.570796;             0.030423
            5.585054;             1.570796;             0.030423
            5.759587;             1.570796;             0.030423
            5.934119;             1.570796;             0.030423
            6.108652;             1.570796;             0.030423