                 phi                theta              weights
            0.000000;             0.000000;             0.000134
            0.000000;             0.009240;             0.001073
            0.000000;             0.018480;             0.002146
            0.000000;             0.027720;             0.003218
            0.000000;             0.036960;             0.004291
            0.000000;             0.046200;             0.005362
            0.000000;             0.055440;             0.006434
            0.000000;             0.064680;             0.007505
            0.000000;             0.073920;             0.008575
            0.000000;             0.083160;             0.009645
            0.000000;             0.092400;             0.010714
            0.000000;             0.101640;             0.011781
            0.000000;             0.110880;             0.012848
            0.000000;             0.120120;             0.013914
            0.000000;             0.129360;             0.014978
            0.000000;             0.138600;             0.016042
            0.000000;             0.147840;             0.017104
            0.000000;             0.157080;             0.018164
            0.000000;             0.166320;             0.019223
            0.000000;             0.175560;             0.020280
            0.000000;             0.184800;             0.021336
            0.000000;             0.194040;             0.022389
            0.000000;             0.203280;             0.023441
            0.000000;             0.212520;             0.024491
            0.000000;             0.221759;             0.025539
            0.000000;             0.230999;             0.026584
            0.000000;             0.240239;             0.027627
            0.000000;             0.249479;             0.028668
            0.000000;             0.258719;             0.029707
            0.000000;             0.267959;             0.030742
            0.000000;             0.277199;             0.031776
            0.000000;             0.286439;             0.032806
            0.000000;             0.295679;             0.033834
            0.000000;             0.304919;             0.034859
            0.000000;             0.314159;             0.035881
            0.000000;             0.323399;             0.036900
            0.000000;             0.332639;             0.037915
            0.000000;             0.341879;             0.038928
            0.000000;             0.351119;             0.039937
            0.000000;             0.360359;             0.040942
            0.000000;             0.369599;             0.041945
            0.000000;             0.378839;             0.042943
            0.000000;             0.388079;             0.043938
            0.000000;             0.397319;             0.044929
            0.000000;             0.406559;             0.045917
            0.000000;             0.415799;             0.046900
            0.000000;             0.425039;             0.047880
            0.000000;             0.434279;             0.048855
            0.000000;             0.443519;             0.049826
            0.000000;             0.452759;             0.050793
            0.000000;             0.461999;             0.051756
            0.000000;             0.471239;             0.052714
            0.000000;             0.480479;             0.053668
            0.000000;             0.489719;             0.054617
            0.000000;             0.498959;             0.055561
            0.000000;             0.508199;             0.056501
            0.000000;             0.517439;             0.057436
            0.000000;             0.526679;             0.058366
            0.000000;             0.535919;             0.059291
            0.000000;             0.545159;             0.060211
            0.000000;             0.554399;             0.061125
            0.000000;             0.563639;             0.062035
            0.000000;             0.572879;             0.062939
            0.000000;             0.582119;             0.063838
            0.000000;             0.591359;             0.064732
            0.000000;             0.600599;             0.065619
            0.000000;             0.609839;             0.066502
            0.000000;             0.619079;             0.067378
            0.000000;             0.628319;             0.068249
            0.000000;             0.637559;             0.069114
            0.000000;             0.646798;             0.069973
            0.000000;             0.656038;             0.070827
            0.000000;             0.665278;             0.071674
            0.000000;             0.674518;             0.072515
            0.000000;             0.683758;             0.073350
            0.000000;             0.692998;             0.074178
            0.000000;             0.702238;             0.075000
            0.000000;             0.711478;             0.075816
            0.000000;             0.720718;             0.076626
            0.000000;             0.729958;             0.077428
            0.000000;             0.739198;             0.078225
            0.000000;             0.748438;             0.079014
            0.000000;             0.757678;             0.079797
            0.000000;             0.766918;             0.080573
            0.000000;             0.776158;             0.081342
            0.000000;             0.785398;             0.082104
            0.000000;             0.794638;             0.082859
            0.000000;             0.803878;             0.083607
            0.000000;             0.813118;             0.084348
            0.000000;             0.822358;             0.085082
            0.000000;             0.831598;             0.085808
            0.000000;             0.840838;             0.086527
            0.000000;             0.850078;             0.087239
            0.000000;             0.859318;             0.087943
            0.000000;             0.868558;             0.088640
            0.000000;             0.877798;             0.089329
            0.000000;             0.887038;             0.090011
            0.000000;             0.896278;             0.090685
            0.000000;             0.905518;             0.091351
            0.000000;             0.914758;             0.092009
            0.000000;             0.923998;             0.092660
            0.000000;             0.933238;             0.093302
            0.000000;             0.942478;             0.093937
            0.000000;             0.951718;             0.094564
            0.000000;             0.960958;             0.095182
            0.000000;             0.970198;             0.095793
            0.000000;             0.979438;             0.096395
            0.000000;             0.988678;             0.096989
            0.000000;             0.997918;             0.097575
            0.000000;             1.007158;             0.098152
            0.000000;             1.016398;             0.098721
            0.000000;             1.025638;             0.099281
            0.000000;             1.034878;             0.099834
            0.000000;             1.044118;             0.100377
            0.000000;             1.053358;             0.100912
            0.000000;             1.062598;             0.101439
            0.000000;             1.071837;             0.101956
            0.000000;             1.081077;             0.102465
            0.000000;             1.090317;             0.102966
            0.000000;             1.099557;             0.103457
            0.000000;             1.108797;             0.103940
            0.000000;             1.118037;             0.104413
            0.000000;             1.127277;             0.104878
            0.000000;             1.136517;             0.105334
            0.000000;             1.145757;             0.105781
            0.000000;             1.154997;             0.106219
            0.000000;             1.164237;             0.106648
            0.000000;             1.173477;             0.107068
            0.000000;             1.182717;             0.107478
            0.000000;             1.191957;             0.107880
            0.000000;             1.201197;             0.108272
            0.000000;             1.210437;             0.108655
            0.000000;             1.219677;             0.109028
            0.000000;             1.228917;             0.109393
            0.000000;             1.238157;             0.109748
            0.000000;             1.247397;             0.110093
            0.000000;             1.256637;             0.110430
            0.000000;             1.265877;             0.110756
            0.000000;             1.275117;             0.111074
            0.000000;             1.284357;             0.111382
            0.000000;             1.293597;             0.111680
            0.000000;             1.302837;             0.111969
            0.000000;             1.312077;             0.112248
            0.000000;             1.321317;             0.112518
            0.000000;             1.330557;             0.112778
            0.000000;             1.339797;             0.113028
            0.000000;             1.349037;             0.113269
            0.000000;             1.358277;             0.113500
            0.000000;             1.367517;             0.113722
            0.000000;             1.376757;             0.113934
            0.000000;             1.385997;             0.114136
            0.000000;             1.395237;             0.114328
            0.000000;             1.404477;             0.114510
            0.000000;             1.413717;             0.114683
            0.000000;             1.422957;             0.114846
            0.000000;             1.432197;             0.114999
            0.000000;             1.441437;             0.115142
            0.000000;             1.450677;             0.115276
            0.000000;             1.459917;             0.115400
            0.000000;             1.469157;             0.115513
            0.000000;             1.478397;             0.115617
            0.000000;             1.487637;             0.115711
            0.000000;             1.496876;             0.115795
            0.000000;             1.506116;             0.115870
            0.000000;             1.515356;             0.115934
            0.000000;             1.524596;             0.115989
            0.000000;             1.533836;             0.116033
            0.000000;             1.543076;             0.116068
            0.000000;             1.552316;             0.116093
            0.000000;             1.561556;             0.116108
            0.000000;             1.570796;             0.058056