                 phi                theta              weights
            0.000000;             0.000000;             0.000144
            0.000000;             0.009578;             0.001153
            0.000000;             0.019156;             0.002305
            0.000000;             0.028734;             0.003458
            0.000000;             0.038312;             0.004610
            0.000000;             0.047890;             0.005762
            0.000000;             0.057468;             0.006913
            0.000000;             0.067046;             0.008064
            0.000000;             0.076624;             0.009214
            0.000000;             0.086202;             0.010363
            0.000000;             0.095780;             0.011511
            0.000000;             0.105358;             0.012658
            0.000000;             0.114936;             0.013803
            0.000000;             0.124514;             0.014948
            0.000000;             0.134092;             0.016091
            0.000000;             0.143670;             0.017233
            0.000000;             0.153248;             0.018373
            0.000000;             0.162826;             0.019511
            0.000000;             0.172404;             0.020648
            0.000000;             0.181983;             0.021783
            0.000000;             0.191561;             0.022916
            0.000000;             0.201139;             0.024046
            0.000000;             0.210717;             0.025175
            0.000000;             0.220295;             0.026301
            0.000000;             0.229873;             0.027425
            0.000000;             0.239451;             0.028546
            0.000000;             0.249029;             0.029664
            0.000000;             0.258607;             0.030780
            0.000000;             0.268185;             0.031893
            0.000000;             0.277763;             0.033003
            0.000000;             0.287341;             0.034111
            0.000000;             0.296919;             0.035215
            0.000000;             0.306497;             0.036315
            0.000000;             0.316075;             0.037413
            0.000000;             0.325653;             0.038507
            0.000000;             0.335231;             0.039597
            0.000000;             0.344809;             0.040684
            0.000000;             0.354387;             0.041767
            0.000000;             0.363965;             0.042846
            0.000000;             0.373543;             0.043922
            0.000000;             0.383121;             0.044993
            0.000000;             0.392699;             0.046060
            0.000000;             0.402277;             0.047123
            0.000000;             0.411855;             0.048182
            0.000000;             0.421433;             0.049236
            0.000000;             0.431011;             0.050285
            0.000000;             0.440589;             0.051330
            0.000000;             0.450167;             0.052371
            0.000000;             0.459745;             0.053406
            0.000000;             0.469323;             0.054437
            0.000000;             0.478901;             0.055463
            0.000000;             0.488479;             0.056483
            0.000000;             0.498057;             0.057499
            0.000000;             0.507635;             0.058509
            0.000000;             0.517213;             0.059513
            0.000000;             0.526791;             0.060513
            0.000000;             0.536369;             0.061506
            0.000000;             0.545948;             0.062495
            0.000000;             0.555526;             0.063477
            0.000000;             0.565104;             0.064453
            0.000000;             0.574682;             0.065424
            0.000000;             0.584260;             0.066389
            0.000000;             0.593838;             0.067347
            0.000000;             0.603416;             0.068300
            0.000000;             0.612994;             0.069246
            0.000000;             0.622572;             0.070185
            0.000000;             0.632150;             0.071119
            0.000000;             0.641728;             0.072045
            0.000000;             0.651306;             0.072966
            0.000000;             0.660884;             0.073879
            0.000000;             0.670462;             0.074786
            0.000000;             0.680040;             0.075686
            0.000000;             0.689618;             0.076579
            0.000000;             0.699196;             0.077464
            0.000000;             0.708774;             0.078343
            0.000000;             0.718352;             0.079215
            0.000000;             0.727930;             0.080079
            0.000000;             0.737508;             0.080936
            0.000000;             0.747086;             0.081785
            0.000000;             0.756664;             0.082627
            0.000000;             0.766242;             0.083462
            0.000000;             0.775820;             0.084289
            0.000000;             0.785398;             0.085108
            0.000000;             0.794976;             0.085919
            0.000000;             0.804554;             0.086722
            0.000000;             0.814132;             0.087518
            0.000000;             0.823710;             0.088305
            0.000000;             0.833288;             0.089084
            0.000000;             0.842866;             0.089856
            0.000000;             0.852444;             0.090618
            0.000000;             0.862022;             0.091373
            0.000000;             0.871600;             0.092119
            0.000000;             0.881178;             0.092857
            0.000000;             0.890756;             0.093586
            0.000000;             0.900334;             0.094307
            0.000000;             0.909913;             0.095019
            0.000000;             0.919491;             0.095722
            0.000000;             0.929069;             0.096416
            0.000000;             0.938647;             0.097102
            0.000000;             0.948225;             0.097779
            0.000000;             0.957803;             0.098446
            0.000000;             0.967381;             0.099105
            0.000000;             0.976959;             0.099755
            0.000000;             0.986537;             0.100395
            0.000000;             0.996115;             0.101027
            0.000000;             1.005693;             0.101648
            0.000000;             1.015271;             0.102261
            0.000000;             1.024849;             0.102864
            0.000000;             1.034427;             0.103458
            0.000000;             1.044005;             0.104043
            0.000000;             1.053583;             0.104617
            0.000000;             1.063161;             0.105183
            0.000000;             1.072739;             0.105738
            0.000000;             1.082317;             0.106284
            0.000000;             1.091895;             0.106820
            0.000000;             1.101473;             0.107347
            0.000000;             1.111051;             0.107863
            0.000000;             1.120629;             0.108370
            0.000000;             1.130207;             0.108866
            0.000000;             1.139785;             0.109353
            0.000000;             1.149363;             0.109829
            0.000000;             1.158941;             0.110296
            0.000000;             1.168519;             0.110752
            0.000000;             1.178097;             0.111199
            0.000000;             1.187675;             0.111635
            0.000000;             1.197253;             0.112061
            0.000000;             1.206831;             0.112476
            0.000000;             1.216409;             0.112881
            0.000000;             1.225987;             0.113276
            0.000000;             1.235565;             0.113661
            0.000000;             1.245143;             0.114035
            0.000000;             1.254721;             0.114398
            0.000000;             1.264299;             0.114751
            0.000000;             1.273878;             0.115094
            0.000000;             1.283456;             0.115426
            0.000000;             1.293034;             0.115747
            0.000000;             1.302612;             0.116058
            0.000000;             1.312190;             0.116358
            0.000000;             1.321768;             0.116648
            0.000000;             1.331346;             0.116926
            0.000000;             1.340924;             0.117195
            0.000000;             1.350502;             0.117452
            0.000000;             1.360080;             0.117698
            0.000000;             1.369658;             0.117934
            0.000000;             1.379236;             0.118159
            0.000000;             1.388814;             0.118373
            0.000000;             1.398392;             0.118576
            0.000000;             1.407970;             0.118769
            0.000000;             1.417548;             0.118950
            0.000000;             1.427126;             0.119121
            0.000000;             1.436704;             0.119280
            0.000000;             1.446282;             0.119429
            0.000000;             1.455860;             0.119566
            0.000000;             1.465438;             0.119693
            0.000000;             1.475016;             0.119809
            0.000000;             1.484594;             0.119914
            0.000000;             1.494172;             0.120007
            0.000000;             1.503750;             0.120090
            0.000000;             1.513328;             0.120162
            0.000000;             1.522906;             0.120223
            0.000000;             1.532484;             0.120272
            0.000000;             1.542062;             0.120311
            0.000000;             1.551640;             0.120338
            0.000000;             1.561218;             0.120355
            0.000000;             1.570796;             0.060180