                 phi                theta              weights
            0.000000;             0.000000;             0.000161
            0.000000;             0.010134;             0.001291
            0.000000;             0.020268;             0.002581
            0.000000;             0.030403;             0.003871
            0.000000;             0.040537;             0.005161
            0.000000;             0.050671;             0.006450
            0.000000;             0.060805;             0.007739
            0.000000;             0.070939;             0.009026
            0.000000;             0.081073;             0.010313
            0.000000;             0.091208;             0.011599
            0.000000;             0.101342;             0.012884
            0.000000;             0.111476;             0.014167
            0.000000;             0.121610;             0.015449
            0.000000;             0.131744;             0.016729
            0.000000;             0.141878;             0.018008
            0.000000;             0.152013;             0.019284
            0.000000;             0.162147;             0.020559
            0.000000;             0.172281;             0.021831
            0.000000;             0.182415;             0.023102
            0.000000;             0.192549;             0.024370
            0.000000;             0.202683;             0.025635
            0.000000;             0.212818;             0.026898
            0.000000;             0.222952;             0.028158
            0.000000;             0.233086;             0.029415
            0.000000;             0.243220;             0.030669
            0.000000;             0.253354;             0.031920
            0.000000;             0.263488;             0.033168
            0.000000;             0.273623;             0.034412
            0.000000;             0.283757;             0.035653
            0.000000;             0.293891;             0.036890
            0.000000;             0.304025;             0.038124
            0.000000;             0.314159;             0.039353
            0.000000;             0.324293;             0.040578
            0.000000;             0.334428;             0.041800
            0.000000;             0.344562;             0.043017
            0.000000;             0.354696;             0.044229
            0.000000;             0.364830;             0.045437
            0.000000;             0.374964;             0.046640
            0.000000;             0.385098;             0.047839
            0.000000;             0.395233;             0.049032
            0.000000;             0.405367;             0.050221
            0.000000;             0.415501;             0.051404
            0.000000;             0.425635;             0.052582
            0.000000;             0.435769;             0.053755
            0.000000;             0.445903;             0.054922
            0.000000;             0.456038;             0.056084
            0.000000;             0.466172;             0.057240
            0.000000;             0.476306;             0.058390
            0.000000;             0.486440;             0.059533
            0.000000;             0.496574;             0.060671
            0.000000;             0.506708;             0.061803
            0.000000;             0.516843;             0.062928
            0.000000;             0.526977;             0.064047
            0.000000;             0.537111;             0.065159
            0.000000;             0.547245;             0.066264
            0.000000;             0.557379;             0.067363
            0.000000;             0.567514;             0.068455
            0.000000;             0.577648;             0.069540
            0.000000;             0.587782;             0.070617
            0.000000;             0.597916;             0.071688
            0.000000;             0.608050;             0.072751
            0.000000;             0.618184;             0.073806
            0.000000;             0.628319;             0.074854
            0.000000;             0.638453;             0.075894
            0.000000;             0.648587;             0.076927
            0.000000;             0.658721;             0.077951
            0.000000;             0.668855;             0.078968
            0.000000;             0.678989;             0.079976
            0.000000;             0.689124;             0.080976
            0.000000;             0.699258;             0.081968
            0.000000;             0.709392;             0.082952
            0.000000;             0.719526;             0.083927
            0.000000;             0.729660;             0.084893
            0.000000;             0.739794;             0.085851
            0.000000;             0.749929;             0.086799
            0.000000;             0.760063;             0.087739
            0.000000;             0.770197;             0.088670
            0.000000;             0.780331;             0.089592
            0.000000;             0.790465;             0.090505
            0.000000;             0.800599;             0.091408
            0.000000;             0.810734;             0.092302
            0.000000;             0.820868;             0.093186
            0.000000;             0.831002;             0.094061
            0.000000;             0.841136;             0.094926
            0.000000;             0.851270;             0.095782
            0.000000;             0.861404;             0.096627
            0.000000;             0.871539;             0.097463
            0.000000;             0.881673;             0.098289
            0.000000;             0.891807;             0.099104
            0.000000;             0.901941;             0.099910
            0.000000;             0.912075;             0.100705
            0.000000;             0.922209;             0.101489
            0.000000;             0.932344;             0.102264
            0.000000;             0.942478;             0.103028
            0.000000;             0.952612;             0.103781
            0.000000;             0.962746;             0.104524
            0.000000;             0.972880;             0.105255
            0.000000;             0.983014;             0.105977
            0.000000;             0.993149;             0.106687
            0.000000;             1.003283;             0.107386
            0.000000;             1.013417;             0.108074
            0.000000;             1.023551;             0.108751
            0.000000;             1.033685;             0.109417
            0.000000;             1.043819;             0.110072
            0.000000;             1.053954;             0.110715
            0.000000;             1.064088;             0.111347
            0.000000;             1.074222;             0.111968
            0.000000;             1.084356;             0.112577
            0.000000;             1.094490;             0.113175
            0.000000;             1.104625;             0.113760
            0.000000;             1.114759;             0.114335
            0.000000;             1.124893;             0.114897
            0.000000;             1.135027;             0.115448
            0.000000;             1.145161;             0.115987
            0.000000;             1.155295;             0.116514
            0.000000;             1.165430;             0.117029
            0.000000;             1.175564;             0.117531
            0.000000;             1.185698;             0.118022
            0.000000;             1.195832;             0.118501
            0.000000;             1.205966;             0.118968
            0.000000;             1.216100;             0.119422
            0.000000;             1.226235;             0.119864
            0.000000;             1.236369;             0.120294
            0.000000;             1.246503;             0.120711
            0.000000;             1.256637;             0.121116
            0.000000;             1.266771;             0.121509
            0.000000;             1.276905;             0.121889
            0.000000;             1.287040;             0.122257
            0.000000;             1.297174;             0.122612
            0.000000;             1.307308;             0.122954
            0.000000;             1.317442;             0.123284
            0.000000;             1.327576;             0.123601
            0.000000;             1.337710;             0.123905
            0.000000;             1.347845;             0.124197
            0.000000;             1.357979;             0.124476
            0.000000;             1.368113;             0.124742
            0.000000;             1.378247;             0.124996
            0.000000;             1.388381;             0.125236
            0.000000;             1.398515;             0.125464
            0.000000;             1.408650;             0.125679
            0.000000;             1.418784;             0.125881
            0.000000;             1.428918;             0.126070
            0.000000;             1.439052;             0.126246
            0.000000;             1.449186;             0.126409
            0.000000;             1.459320;             0.126559
            0.000000;             1.469455;             0.126696
            0.000000;             1.479589;             0.126820
            0.000000;             1.489723;             0.126931
            0.000000;             1.499857;             0.127029
            0.000000;             1.509991;             0.127114
            0.000000;             1.520125;             0.127186
            0.000000;             1.530260;             0.127245
            0.000000;             1.540394;             0.127290
            0.000000;             1.550528;             0.127323
            0.000000;             1.560662;             0.127343
            0.000000;             1.570796;             0.063675